币种,价格,数量,方向,时间戳,可读时间,起始仓位,交易方向,平仓收益,交易哈希,订单ID,是否交叉成交,手续费,交易ID,手续费代币,TWAP ID,金库地址,是否平仓,关联订单ID
SNX,2.41919553,644.2,A,1685186947908,2023-05-27 19:29:07.908,0.0,Open Short,0.0,0xcabddf2a96a9f97e17fb040206b422010300b789eb97b797514b21105e1f9542,317579078,True,0.0,0,USDC,,0x917356bb6d3714947880d2d53fc7633f6d9b285e,,
SNX,2.42225852,644.2,B,1685187249145,2023-05-27 19:34:09.145,-644.2,Close Short,-1.976742,0xaf4d7fc97826e381f240040206bacc0000c8f2df543fa44ddbd8ba25b5ef0a94,317592629,True,0.0,0,USDC,,0x917356bb6d3714947880d2d53fc7633f6d9b285e,,
SNX,2.42260096,769.4,B,1685187266561,2023-05-27 19:34:26.561,0.0,Open Long,0.0,0xf12a6be37d69cb50201a040206bb330115007ea59462f02a5a062b269a4782f2,317593672,True,0.0,0,USDC,,0x917356bb6d3714947880d2d53fc7633f6d9b285e,,
SNX,2.41546852,769.4,A,1685187598513,2023-05-27 19:39:58.513,769.4,Close Long,-5.48696,0x5f9091fee2624cba557b040206c29b010100261547a096e2ed3f8d128e6b7cff,317606725,True,0.0,0,USDC,,0x917356bb6d3714947880d2d53fc7633f6d9b285e,,
SNX,2.41583822,707.8,B,1685189957728,2023-05-27 20:19:17.728,0.0,Open Long,0.0,0xfa02732688ea0db980f1040206f641010b0040417e27c03aa4da0d6647ae22e3,317718732,True,0.0,0,USDC,,0x917356bb6d3714947880d2d53fc7633f6d9b285e,,
SNX,2.3912,707.8,A,1685232226072,2023-05-28 08:03:46.072,707.8,Close Long,-17.433114,0x801dc5ba35861ae820af04020a7a390000c38f6f93323a8d865399b6e9c0daf7,318654896,True,0.0,0,USDC,,0x917356bb6d3714947880d2d53fc7633f6d9b285e,,
SUI,1.02659912,1835.7,A,1685453926626,2023-05-30 21:38:46.626,0.0,Open Short,0.0,0x163c236a3c2e329565a104021c379c010800f0266b83935f1d50514392fb4705,332909204,True,0.0,0,USDC,,0x917356bb6d3714947880d2d53fc7633f6d9b285e,,
SUI,0.9534202,1835.7,B,1685604335325,2023-06-01 15:25:35.325,-1835.7,Close Short,134.317799,0xf090aea4f37c5c37e2ed04022785be0000fab54884f7280e3276ae24d640da78,344723694,True,0.0,0,USDC,,0x917356bb6d3714947880d2d53fc7633f6d9b285e,,
SUI,0.9503,1119.9,A,1685604838100,2023-06-01 15:33:58.100,0.0,Open Short,0.0,0xa614a86f63e73e8baed30402278f7b0000a6817cc70d44048d91d1f60e8ede45,344760279,True,0.0,0,USDC,,0x917356bb6d3714947880d2d53fc7633f6d9b285e,,
SUI,0.94756,1119.9,B,1685605735920,2023-06-01 15:48:55.920,-1119.9,Close Short,3.068526,0xa7800f9605ef35ebdec7040227a10a00001a6dd5d09df674d191a581749ec25c,344821027,True,0.0,0,USDC,,0x917356bb6d3714947880d2d53fc7633f6d9b285e,,
SUI,0.91755263,1431.9,A,1685670278748,2023-06-02 09:44:38.748,0.0,Open Short,0.0,0xb2eff64b2464635d8dd004022c90da00002e9589e1ced68b0f6854e6158586e7,349430007,True,0.0,0,USDC,,0x917356bb6d3714947880d2d53fc7633f6d9b285e,,
SUI,0.92052,1431.9,B,1685670760614,2023-06-02 09:52:40.614,-1431.9,Close Short,-4.252743,0x9377a80c840ae5221cbd04022c998901080084a6fb50966d858c0a51cda8fad0,349467659,True,0.0,0,USDC,,0x917356bb6d3714947880d2d53fc7633f6d9b285e,,
FTM,0.23429721,9239.0,A,1686376542659,2023-06-10 13:55:42.659,0.0,Open Short,0.0,0x262d8bbebb02306ebbc0040262bb6c020102009a237dab9355be31bbf11e608e,403733973,True,0.0,0,USDC,,0x917356bb6d3714947880d2d53fc7633f6d9b285e,,
FTM,0.23639,9239.0,B,1686377952628,2023-06-10 14:19:12.628,-9239.0,Close Short,-19.346466,0x698ca6b32f403c3fa6ad040262cf44018900257bc1935e5d6a145b1d13544dc7,404045088,True,0.0,0,USDC,,0x917356bb6d3714947880d2d53fc7633f6d9b285e,,
BTC,25634.00332226,0.03913,B,1686377983047,2023-06-10 14:19:43.047,0.0,Open Long,0.0,0xc331f3510830364b0e5d040262cfb501ac0036a52e5a61ab03f7993383bab463,404052389,True,0.0,0,USDC,,0x917356bb6d3714947880d2d53fc7633f6d9b285e,,
BTC,25562.0,0.03913,A,1686378971351,2023-06-10 14:36:11.351,0.03913,Close Long,-2.813447,0x5c8a99aa837b6679459c040262de1b0000c68ad140b8f537039a5ca716f792e1,404248162,True,0.0,0,USDC,,0x917356bb6d3714947880d2d53fc7633f6d9b285e,,
BNB,223.38614721,5.679,A,1686538744610,2023-06-12 10:59:04.610,0.0,Open Short,0.0,0x5764adbcc1ab285f1fc004026e50ad0000a264922b507c9dc59279c17c4256ae,421813218,True,0.0,0,USDC,,0x917356bb6d3714947880d2d53fc7633f6d9b285e,,
BNB,225.92353936,5.679,B,1686540481940,2023-06-12 11:28:01.940,-5.679,Close Short,-14.416365,0x88928214202eb4f635b704026e6e1600005beddf0256f41ccb4962e7e1de075c,422027011,True,0.0,0,USDC,,0x917356bb6d3714947880d2d53fc7633f6d9b285e,,
BNB,226.30608898,5.147,A,1686541729061,2023-06-12 11:48:49.061,0.0,Open Short,0.0,0x0ec21120d67d04f37e1004026e861e017d004fecb028d773270bee02e7d25536,422143349,True,0.0,0,USDC,,0x917356bb6d3714947880d2d53fc7633f6d9b285e,,
BNB,228.26,5.147,B,1686545376812,2023-06-12 12:49:36.812,-5.147,Close Short,-10.057238,0xae20396d28222384bf2604026ecdd3011300682b91d8392d8c95b9eabe675484,422479422,True,0.0,0,USDC,,0x917356bb6d3714947880d2d53fc7633f6d9b285e,,
CRV,0.64204974,2550.9,A,1690807775520,2023-07-31 20:49:35.520,0.0,Open Short,0.0,0x66f6be728fb1e757b2c50403a47024011d00c16ced9e79a6482e140749d5793f,896400223,True,0.40945,0,USDC,,0x917356bb6d3714947880d2d53fc7633f6d9b285e,,
CRV,0.56761,2550.9,B,1690850649931,2023-08-01 08:44:09.931,-2550.9,Close Short,189.863487,0xd9d524d7ae44979cd4ad0403a770af010f004dafee633c8c409dadd110ef519b,902664719,True,0.361978,0,USDC,,0x917356bb6d3714947880d2d53fc7633f6d9b285e,,
CRV,0.54696776,11653.3,A,1690854339477,2023-08-01 09:45:39.477,0.0,Open Short,0.0,0x4b8dcd88818e60eab08a0403a7b40901350021e61ac0b994e64cdf2218a0091a,903233926,True,1.593493,0,USDC,,0x917356bb6d3714947880d2d53fc7633f6d9b285e,,
CRV,0.54119104,11653.3,B,1690857365095,2023-08-01 10:36:05.095,-11653.3,Close Short,67.227423,0xadc6b31b3946c66c64110403a7e757012700eb3b3aeae573fa95ddc52dc68c37,904104644,True,1.576665,0,USDC,,0x917356bb6d3714947880d2d53fc7633f6d9b285e,,
CRV,0.54458093,4904.4,B,1690857908785,2023-08-01 10:45:08.785,0.0,Open Long,0.0,0x2e9750150e1447ca62870403a7f11a012600ba61d1e00bf18f605326770b41d8,904215786,True,0.667709,0,USDC,,0x917356bb6d3714947880d2d53fc7633f6d9b285e,,
CRV,0.54082922,4904.4,A,1690858973294,2023-08-01 11:02:53.294,4904.4,Close Long,-18.39534,0xea64690812961882a1920403a80452017b00525f9fb8c6a20f8af3662f3cf692,904411005,True,0.66311,0,USDC,,0x917356bb6d3714947880d2d53fc7633f6d9b285e,,
CRV,0.53674278,6592.6,A,1690859491374,2023-08-01 11:11:31.374,0.0,Open Short,0.0,0x5c84a7b5ab67c9eb087f0403a80c2f011e00303b1af0829dcabf3529ac3821d5,904595761,True,0.884631,0,USDC,,0x917356bb6d3714947880d2d53fc7633f6d9b285e,,
CRV,0.49632918,6592.6,B,1690860977482,2023-08-01 11:36:17.482,-6592.6,Close Short,266.41238,0x39a1e0884454cc2e83830403a8269d017700851aabbaca0d724bbba0c6b09ce9,904864143,True,0.818023,0,USDC,,0x917356bb6d3714947880d2d53fc7633f6d9b285e,,
NEAR,1.52210303,1749.7,B,1698869966371,2023-11-02 04:19:26.371,0.0,Open Long,0.0,0xcde8fd5f67d2a9a4b6e40405bbc05d02016000c04a229c0d829588216b2705de,2481179796,True,0.665805,0,USDC,,0x917356bb6d3714947880d2d53fc7633f6d9b285e,,
NEAR,1.55321795,1749.7,A,1699166052283,2023-11-05 14:34:12.283,1749.7,Close Long,54.44708,0xc30519268a3331b3107d0405ccf89e01020056196e65c03db9b6435347feac70,2619000649,True,0.679414,0,USDC,,0x917356bb6d3714947880d2d53fc7633f6d9b285e,,
SOL,40.257,48.72,B,1699254027585,2023-11-06 15:00:27.585,0.0,Open Long,0.0,0x8e483ac1aafb00a0a6110405d232a2012300494b8ff4247ed457a2727197c681,2659223432,True,0.49033,0,USDC,,0x917356bb6d3714947880d2d53fc7633f6d9b285e,,
SOL,43.90404105,48.72,A,1699387154101,2023-11-08 03:59:14.101,48.72,Close Long,177.68384,0xaaaa24bba5b58f9bce9e0405da1ce30139004519d58a5224c3e357c27c508216,2722864852,True,0.53475,0,USDC,,0x917356bb6d3714947880d2d53fc7633f6d9b285e,,
SOL,44.007,49.62,B,1699387327648,2023-11-08 04:02:07.648,0.0,Open Long,0.0,0xc38b77741ae41ae0d7360405da1f51018400d848e0d6db37fb5c821c3e0b4541,2722939821,True,0.545906,0,USDC,,0x917356bb6d3714947880d2d53fc7633f6d9b285e,,
SOL,46.42155945,49.62,A,1699527933509,2023-11-09 19:05:33.509,49.62,Close Long,119.81044,0x9c60bf7d645cc2982f520405e1f44a0162008c3a1d1c4088ed34f1c1e9584b70,2782260720,True,0.575858,0,USDC,,0x917356bb6d3714947880d2d53fc7633f6d9b285e,,
BTC,36785.0,0.0892,B,1699530628264,2023-11-09 19:50:28.264,0.0,Open Long,0.0,0x36a444a18fea0af038ce0405e21ac7013400bf92448a332396862c46422ce5c4,2783780605,True,0.820305,0,USDC,,0x917356bb6d3714947880d2d53fc7633f6d9b285e,,
GAS,27.526,17.7,B,1699595633038,2023-11-10 13:53:53.038,0.0,Open Long,0.0,0xed58f491dc58908344b10405e5b4a8011a00c7ebe3a12d3e13a8ec8c253b17f6,2832941513,True,0.121802,0,USDC,,0x917356bb6d3714947880d2d53fc7633f6d9b285e,,
GAS,27.00159322,17.7,A,1699596027996,2023-11-10 14:00:27.996,17.7,Close Long,-9.282,0x04406fdb7e0a0e52a53a0405e5ba60011000d2b34b815a327d0a7365560a7be1,2833157461,True,0.119481,0,USDC,,0x917356bb6d3714947880d2d53fc7633f6d9b285e,,
BTC,36401.0,0.0892,A,1699922074816,2023-11-14 08:34:34.816,0.0892,Close Long,-34.2528,0x5becfc0d6f92d8304c0d0405f81357011a0038d5a892243c54edbb67bd8ea27f,3049611803,True,0.811742,0,USDC,,0x917356bb6d3714947880d2d53fc7633f6d9b285e,,
UNIBOT,42.03873937,18.831,B,1700638392427,2023-11-22 15:33:12.427,0.0,Open Long,0.0,0xab5ca950dca374c579240406211850011f001f31a5927fb93acd04f45e1b8029,3499183622,True,0.197906,0,USDC,,0x917356bb6d3714947880d2d53fc7633f6d9b285e,,
UNIBOT,43.48137385,18.831,A,1700653788731,2023-11-22 19:49:48.731,18.831,Close Long,27.180173,0x6935cdbfad9454630d7b040621f8740162005ad36d95a89adbf1251ce026632b,3508064816,True,0.204698,0,USDC,,0x917356bb6d3714947880d2d53fc7633f6d9b285e,,
OX,0.01314031,95307.0,A,1701168837282,2023-11-28 18:53:57.282,0.0,Open Short,0.0,0xc18abca841de661a950a04063f9f1e0115009569d6d1abf0d8ddf7f58eda51f8,3777872357,True,0.313089,487770394789084,USDC,,0x917356bb6d3714947880d2d53fc7633f6d9b285e,,
OX,0.01488615,95307.0,B,1701173818754,2023-11-28 20:16:58.754,-95307.0,Close Short,-166.420734,0x59fc96c21a495d72bac304063fe7c40182001d4f35902ab04977f4a81838e71a,3781050858,True,0.354687,206554796864522,USDC,,0x917356bb6d3714947880d2d53fc7633f6d9b285e,,
TIA,11.734,121.4,B,1703304562935,2023-12-23 12:09:22.935,0.0,Open Long,0.0,0x9e6bdcb621610e847aee0406bcb49601e400a338f1af49a7cd9c403586f1935f,5238470435,True,0.356126,862832453425029,USDC,,0x917356bb6d3714947880d2d53fc7633f6d9b285e,,
TIA,12.64565321,121.4,A,1703740454201,2023-12-28 13:14:14.201,121.4,Close Long,110.6747,0x12c5f7d9b86d1a4a32630406d5e7b0012d0091a18d541b74c35812ae30d898a8,5633106139,True,0.383794,176512787396343,USDC,,0x917356bb6d3714947880d2d53fc7633f6d9b285e,,
WIF,0.30894214,2002.0,A,1706536880162,2024-01-29 22:01:20.162,0.0,Open Short,0.0,0x7d9cadb8e6e720a67d6f0407602b8301080068ebe1de47bca5b86e3ae9cc1b1d,8376677904,True,0.154625,234227493784218,USDC,,0x917356bb6d3714947880d2d53fc7633f6d9b285e,,
WIF,0.29788,2079.0,A,1706540357980,2024-01-29 22:59:17.980,-2002.0,Open Short,0.0,0x748e67be5440639eed6c040760532a01c600cabd0da5ea5ec0f66b5e61afa1e7,8380324208,True,0.154823,231765970566139,USDC,,0x917356bb6d3714947880d2d53fc7633f6d9b285e,,
WIF,0.29638736,4081.0,B,1706541057450,2024-01-29 23:10:57.450,-4081.0,Close Short,28.234966,0xad14da75ed1f2494ac8b0407605b0602017c0018563b474416f198f389a40779,8381087735,True,0.302388,188346148742468,USDC,,0x917356bb6d3714947880d2d53fc7633f6d9b285e,,
BTC,42071.0,0.08167,B,1706541495730,2024-01-29 23:18:15.730,0.0,Open Long,0.0,0x4b32fe6a12ceafb0d9b20407605fcb015600212b46cc991e0ef0b2f5efaee956,8381553756,True,0.858984,935896920988029,USDC,,0x917356bb6d3714947880d2d53fc7633f6d9b285e,,
BTC,42105.0,0.08167,A,1706541921443,2024-01-29 23:25:21.443,0.08167,Close Long,2.77678,0xfc0cee8c871018226281040760649a0116000c3482c2922c5f3c27de74f4f915,8381977537,True,0.859678,1098434093542289,USDC,,0x917356bb6d3714947880d2d53fc7633f6d9b285e,,
BTC,43261.00311676,0.08342,A,1706596850375,2024-01-30 14:40:50.375,0.0,Open Short,0.0,0xab3053d0d2fe4186d3d6040762e3d901a500ed5b8bdf4f7d44277e33fed1ae2f,8429336714,True,0.902208,930997591679590,USDC,,0x917356bb6d3714947880d2d53fc7633f6d9b285e,,
BTC,43355.0,0.08342,B,1706598960470,2024-01-30 15:16:00.470,-0.08342,Close Short,-7.84148,0x107074530e5235a24d4c040762fd22011300cf57322bd61a5b8cb257bd797b11,8431033511,True,0.904168,552862597493279,USDC,,0x917356bb6d3714947880d2d53fc7633f6d9b285e,,
SUI,1.617,7017.7,B,1706598965796,2024-01-30 15:16:05.796,0.0,Open Long,0.0,0xe92a224983e3cd40d170040762fd2f02010a00235bf3891bb46f92bc46ee7775,8431037058,True,2.836905,1051038967301817,USDC,,0x917356bb6d3714947880d2d53fc7633f6d9b285e,,
SUI,1.624,7017.7,A,1706599977908,2024-01-30 15:32:57.908,7017.7,Close Long,49.1239,0xc9b246e9fefc15514381040763091a016a003fba746e7f4e09bb2816420a3b79,8431800655,True,2.849186,549780036327263,USDC,,0x917356bb6d3714947880d2d53fc7633f6d9b285e,,
SUI,1.6176,4695.9,A,1706600653924,2024-01-30 15:44:13.924,0.0,Open Short,0.0,0x14fde38bfd61b76b05400407631148010a00cd7dbe4b09fc169fff7daf5ad136,8432279265,True,1.899021,223606913822133,USDC,,0x917356bb6d3714947880d2d53fc7633f6d9b285e,,
SUI,1.609,694.1,B,1706602030545,2024-01-30 16:07:10.545,-4695.9,Close Short,5.96926,0xe51e51fbac9f42ea944504076321730111005e824c72e82849ddd516cfbc422d,8433288164,False,-0.022335,315993096199187,USDC,,0x917356bb6d3714947880d2d53fc7633f6d9b285e,,
SUI,1.609,484.0,B,1706602030993,2024-01-30 16:07:10.993,-4001.8,Close Short,4.1624,0xe3c5056bfd9bd69e00a30407632174010600c5472161802630ba0a98d0b74fa3,8433288164,False,-0.015575,376494490992974,USDC,,0x917356bb6d3714947880d2d53fc7633f6d9b285e,,
SUI,1.609,41.2,B,1706602031611,2024-01-30 16:07:11.611,-3517.8,Close Short,0.35432,0xf6d2006b895817538bb40407632176010f006ed6fdc6fef9c9c7cd02f4772d75,8433288164,False,-0.001325,623590163167605,USDC,,0x917356bb6d3714947880d2d53fc7633f6d9b285e,,
SUI,1.615,2406.3,B,1706603586169,2024-01-30 16:33:06.169,-3476.6,Close Short,6.25638,0x2815ff54495d04f21849040763342701df006e54ab38ab57bd1d1a16ba83b9a2,8434403446,False,-0.077723,656803667814448,USDC,,0x917356bb6d3714947880d2d53fc7633f6d9b285e,,
SUI,1.615,309.1,B,1706603586615,2024-01-30 16:33:06.615,-1070.3,Close Short,0.80366,0x91248fc19846f47ca9f604076334280162003fbacc9aeeb453ddd30ef277eea6,8434403446,False,-0.009983,561053905647163,USDC,,0x917356bb6d3714947880d2d53fc7633f6d9b285e,,
SUI,1.6163,761.2,B,1706603630784,2024-01-30 16:33:50.784,-761.2,Close Short,0.98956,0xf7c123dae239b31ec69104076334b70159005e2033f46496abe01870be32543a,8434618423,True,0.307581,479036345239951,USDC,,0x917356bb6d3714947880d2d53fc7633f6d9b285e,,
SUI,1.5937,6136.5,A,1706605364600,2024-01-30 17:02:44.600,0.0,Open Short,0.0,0x9345bca3e99aacd6beef040763498c01170021926cc0c1fee41f0947c27172ea,8435911735,True,2.444934,749264937418268,USDC,,0x917356bb6d3714947880d2d53fc7633f6d9b285e,,
SUI,1.62798533,6136.5,B,1706612100989,2024-01-30 18:55:00.989,-6136.5,Close Short,-210.39195,0x4b8053dc2ff5997f3637040763999b012f00d9d5d3708489319f74c8f9999842,8440551839,True,2.497532,732679121740073,USDC,,0x917356bb6d3714947880d2d53fc7633f6d9b285e,,
SUI,1.54852597,1501.5,A,1706671592458,2024-01-31 11:26:32.458,0.0,Open Short,0.0,0x59f582d8a8d384f176760407664a610201130027f3d9c583553a1ec182c8fc78,8501292358,True,0.581277,211274767477708,USDC,,0x917356bb6d3714947880d2d53fc7633f6d9b285e,,
SUI,1.5274,574.3,A,1706746573107,2024-02-01 08:16:13.107,-1501.5,Open Short,0.0,0xa10ad1fd04806fc2f1ee040769a68302014700e06a3dd09805401e3560a00efe,8578631753,True,0.219296,778915598096875,USDC,,0x917356bb6d3714947880d2d53fc7633f6d9b285e,,
SUI,1.455,1000.0,B,1706761919210,2024-02-01 12:31:59.210,-2075.8,Close Short,87.68,0xda271d04d7541886eb9504076a55e10115003f5760cd42a966d27e3db5254e3b,8595352901,False,-0.0291,132171151794613,USDC,,0x917356bb6d3714947880d2d53fc7633f6d9b285e,,
SUI,1.4646,1075.8,B,1706783883127,2024-02-01 18:38:03.127,-1075.8,Close Short,83.998464,0x3c02801e722881b0ddd504076b526b02011500ebd7d0e9afc3344ef38ca60190,8614826389,True,0.393904,796004447200437,USDC,,0x917356bb6d3714947880d2d53fc7633f6d9b285e,,
JUP,0.59744,1130.0,A,1706795194021,2024-02-01 21:46:34.021,0.0,Open Short,0.0,0x901115df43364dddc45404076bd334014f00836ee634999af78741dbf468d465,8624809619,True,0.168776,769163597478086,USDC,,0x917356bb6d3714947880d2d53fc7633f6d9b285e,,
JUP,0.56725,1130.0,B,1706805490322,2024-02-02 00:38:10.322,-1130.0,Close Short,34.1147,0x407ee0fa939714df44e104076c489b02017f00c28f6c47fcaac7f02b39c411f5,8630992763,True,0.160248,671559055660002,USDC,,0x917356bb6d3714947880d2d53fc7633f6d9b285e,,
SEI,0.63175,2231.0,A,1706849494136,2024-02-02 12:51:34.136,0.0,Open Short,0.0,0x8fe6cdac116b221b30b704076e482d02011f004d42c3505804c13883365be003,8671148559,True,0.352358,682297707455598,USDC,,0x917356bb6d3714947880d2d53fc7633f6d9b285e,,
SEI,0.63123,2231.0,B,1706850286426,2024-02-02 13:04:46.426,-2231.0,Close Short,1.16012,0x1eccb49fed997603d3f104076e515401cb00d41890dc9f0e9ed28e40d37faceb,8671681506,True,0.352068,1010736998230130,USDC,,0x917356bb6d3714947880d2d53fc7633f6d9b285e,,
SEI,0.63358,2413.0,B,1706855239443,2024-02-02 14:27:19.443,0.0,Open Long,0.0,0xd5edd41db6c363aa2de504076e8c0e01240002f8da934be90acb425499e68973,8674786528,True,0.382207,416937978318254,USDC,,0x917356bb6d3714947880d2d53fc7633f6d9b285e,,
SEI,0.63774,2413.0,A,1706887986380,2024-02-02 23:33:06.380,2413.0,Close Long,10.03808,0xabcc2e7d5123d1c54b0d04077006490167008983f248db0427cf3c1b8c03db4c,8702812111,True,0.384716,448655140872172,USDC,,0x917356bb6d3714947880d2d53fc7633f6d9b285e,,
SUI,1.4163,1718.3,B,1706934181752,2024-02-03 12:23:01.752,0.0,Open Long,0.0,0x86a03aca56356c0ec7900407721e47020103005b2b4398e7f4eb03817c42a186,8735851456,True,0.608407,638316368072708,USDC,,0x917356bb6d3714947880d2d53fc7633f6d9b285e,,
SUI,1.39197743,1718.3,A,1706948585273,2024-02-03 16:23:05.273,1718.3,Close Long,-41.79347,0x9a4bd2a5e2250cce2bdb040772c558012400e49da450f9b9f5a2be38bd842588,8744373557,True,0.597957,209265401094816,USDC,,0x917356bb6d3714947880d2d53fc7633f6d9b285e,,
BTC,42788.0,0.03182,A,1707117078067,2024-02-05 15:11:18.067,0.0,Open Short,0.0,0x583a44b252ecc423ea3a04077a620c013d00139fdce2054e76e7ac59eaa54a2f,8856825797,True,0.340378,288456274876461,USDC,,0x917356bb6d3714947880d2d53fc7633f6d9b285e,,
BTC,42909.05153991,0.03182,B,1707118265285,2024-02-05 15:31:05.285,-0.03182,Close Short,-3.85186,0x9384c5bb1c8def9e9ac804077a6fd202019400962fa1f4bfe9288d4cf8952ac7,8857656493,True,0.341339,452880669881967,USDC,,0x917356bb6d3714947880d2d53fc7633f6d9b285e,,
BTC,43074.0,0.03496,B,1707127251565,2024-02-05 18:00:51.565,0.0,Open Long,0.0,0x1b9a5c5fa4c9de3818f504077ad848013500e92e5d3b4d8b744b932b8f2661b2,8864076104,True,0.376466,703389506471391,USDC,,0x917356bb6d3714947880d2d53fc7633f6d9b285e,,
MAV,0.75382,1244.0,B,1707128512172,2024-02-05 18:21:52.172,0.0,Open Long,0.0,0xa7c4ad34bcf1b7778d6b04077ae6a9015d001b124606c0177a28404c03e2655a,8865186002,True,0.234438,652315869439812,USDC,,0x917356bb6d3714947880d2d53fc7633f6d9b285e,,
BTC,43147.0,0.03496,A,1707128824556,2024-02-05 18:27:04.556,0.03496,Close Long,2.55208,0xf6d9f6cec2d55b2fc36704077aea2f017900e7fee9b29c393e0f3d4fef084330,8865454532,True,0.377104,397810618191894,USDC,,0x917356bb6d3714947880d2d53fc7633f6d9b285e,,
MAV,0.75655,1244.0,A,1707128825768,2024-02-05 18:27:05.768,1244.0,Close Long,3.39612,0xe76d47825f4733f1b90e04077aea3302012d00cdd91a33acd480d112ec3eccf7,8865456327,True,0.235287,225873221196728,USDC,,0x917356bb6d3714947880d2d53fc7633f6d9b285e,,
ZETA,1.4787,845.3,B,1707129035250,2024-02-05 18:30:35.250,0.0,Open Long,0.0,0x928693f227dc17edcd7a04077aeca602010d0070905c7b8d870bb869a00c2110,8865589375,True,0.312486,1025811848731936,USDC,,0x917356bb6d3714947880d2d53fc7633f6d9b285e,,
MANTA,2.8324,296.6,B,1707129341883,2024-02-05 18:35:41.883,0.0,Open Long,0.0,0x6909ceaf4c81636d03b204077af0230111008fee929917e395085137d2a61434,8865835235,True,0.210022,105767634113061,USDC,,0x917356bb6d3714947880d2d53fc7633f6d9b285e,,
ZETA,1.4,388.8,A,1707487365154,2024-02-09 22:02:45.154,845.3,Close Long,-30.59856,0x440091ff882f5107e52504078ad5d701eb00c6f1ac6e9efb537018a96f4cd3c7,9191348099,False,-0.010886,215755018214040,USDC,,0x917356bb6d3714947880d2d53fc7633f6d9b285e,,
MANTA,2.8943,538.2,B,1707574454722,2024-02-10 22:14:14.722,296.6,Open Long,0.0,0xa24c8c1489ca2e7ec87204078eb3d4015c00b5944d428e54f4268b2b066a2f4a,9299241965,True,0.389428,364502140146366,USDC,,0x917356bb6d3714947880d2d53fc7633f6d9b285e,,
MAVIA,7.8324,30.8,B,1707606633429,2024-02-11 07:10:33.429,0.0,Open Long,0.0,0x147a579dec43ca247fbc04079023c602013800faef7c9fd15b51320174ea807a,9323167317,True,0.060309,220796295183780,USDC,,0x917356bb6d3714947880d2d53fc7633f6d9b285e,,
ZETA,1.4907,456.5,A,1707606657138,2024-02-11 07:10:57.138,456.5,Close Long,5.478,0x6b56d88eb24eecb4cfb70407902411019800b4e4bf0053a9db90869efbb1f6b3,9322922465,True,0.170126,423911356991157,USDC,,0x917356bb6d3714947880d2d53fc7633f6d9b285e,,
MAVIA,7.9117,30.8,A,1707609356511,2024-02-11 07:55:56.511,30.8,Close Long,2.44244,0xca12788ba94824f95b7104079042b1010b00fb9a5a7582094d164441f45ab324,9325348227,True,0.06092,529983214105336,USDC,,0x917356bb6d3714947880d2d53fc7633f6d9b285e,,
FXS,9.1171,121.4,B,1707633658047,2024-02-11 14:40:58.047,0.0,Open Long,0.0,0x5d963cc088ed9b8a88be04079159a2019900e8ae667c87723a4881a2d5e45d3f,9348014425,True,0.276703,338153619589783,USDC,,0x917356bb6d3714947880d2d53fc7633f6d9b285e,,
MANTA,2.9299,834.8,A,1707914468933,2024-02-14 20:41:08.933,834.8,Close Long,48.08448,0x71ef4d984ddb8b6d53b504079d9adf02010000c84d75e781b08410c75795aba3,9635827554,True,0.61147,139086252555372,USDC,,0x917356bb6d3714947880d2d53fc7633f6d9b285e,,
INJ,39.168,132.7,B,1708309399741,2024-02-19 10:23:19.741,0.0,Open Long,0.0,0x6572ef445dd399d1527c0407aede4f01d10066f6ba7b5311bedc349716e1e284,10098733123,True,1.299397,313176998194634,USDC,,0x917356bb6d3714947880d2d53fc7633f6d9b285e,,
MATIC,0.99655575,3116.3,B,1708309837940,2024-02-19 10:30:37.940,0.0,Open Long,0.0,0xf612361d2fc53f683c3d0407aee387011e0057c7f581b92b8045c3180f98c9f5,10099183586,True,0.776391,1048667949403742,USDC,,0x917356bb6d3714947880d2d53fc7633f6d9b285e,,
MATIC,1.0004,3116.3,A,1708319251045,2024-02-19 13:07:31.045,3116.3,Close Long,11.997755,0x2c5b029567d7c16daf060407af507d020195004b363d93643d44a17b5e879ad3,10108947953,True,0.779386,705543043009426,USDC,,0x917356bb6d3714947880d2d53fc7633f6d9b285e,,
INJ,38.42025998,132.7,A,1708319252062,2024-02-19 13:07:32.062,132.7,Close Long,-99.2251,0x45afb1a87f7e2a91cfc20407af508002012e004152f851ed257bc5aa72152032,10108948946,True,1.27459,412428828180306,USDC,,0x917356bb6d3714947880d2d53fc7633f6d9b285e,,
FXS,9.0959,121.4,A,1708319253569,2024-02-19 13:07:33.569,121.4,Close Long,-2.57368,0x2eff13199f81003321ae0407af5084010800113e92a742c2061e606136f0b88e,10108949858,True,0.27606,115368653533977,USDC,,0x917356bb6d3714947880d2d53fc7633f6d9b285e,,
MATIC,0.98945531,5722.5,B,1708391333746,2024-02-20 09:08:53.746,0.0,Open Long,0.0,0xa80f803f4fc5ab46baf20407b2766a012900c4090cbc0ea618c609ea05058fab,10201691317,True,1.415539,269906403085309,USDC,,0x917356bb6d3714947880d2d53fc7633f6d9b285e,,
IMX,3.21292757,759.2,A,1708392028468,2024-02-20 09:20:28.468,0.0,Open Short,0.0,0x95f2ac08a2fb3ae1b6e00407b27dd202010700ea2038e508f60a73459f63e867,10202919818,True,0.609812,924912543975457,USDC,,0x917356bb6d3714947880d2d53fc7633f6d9b285e,,
SEI,0.90064,2870.0,A,1708392200594,2024-02-20 09:23:20.594,0.0,Open Short,0.0,0xdbb6097963430c3b23890407b27f8e017500a43bbb437628739dd438dd07ba1f,10203432052,True,0.646209,277273665365807,USDC,,0x917356bb6d3714947880d2d53fc7633f6d9b285e,,
IMX,3.2167,759.2,B,1708392632725,2024-02-20 09:30:32.725,-759.2,Close Short,-2.869776,0xe4b5f0d1d9ab4f91d87e0407b2841401610023b5807b4ba66c513088f2510af7,10204455621,True,0.610528,576478419908982,USDC,,0x917356bb6d3714947880d2d53fc7633f6d9b285e,,
SEI,0.89198982,2870.0,B,1708393522151,2024-02-20 09:45:22.151,-2870.0,Close Short,24.82602,0x760ed16b5d959e2c72360407b28d79011c0071ebde9da471913249308710d3cd,10206229767,True,0.640001,744267853651494,USDC,,0x917356bb6d3714947880d2d53fc7633f6d9b285e,,
MATIC,0.9822,5722.5,A,1708394174883,2024-02-20 09:56:14.883,5722.5,Close Long,-41.488125,0xef7ea6f35c669ec720870407b294b702011f00999c3e631c8e7e2587f7753639,10207207044,True,1.405159,364541791436716,USDC,,0x917356bb6d3714947880d2d53fc7633f6d9b285e,,
MATIC,0.98216791,13640.6,A,1708394182609,2024-02-20 09:56:22.609,0.0,Open Short,0.0,0xe180c1fdba98fbf6e2e00407b294ce020176008cf2dd147928f1b026bc327b53,10207217023,True,3.349338,945064609861742,USDC,,0x917356bb6d3714947880d2d53fc7633f6d9b285e,,
ARB,2.02079741,1971.8,B,1708394853313,2024-02-20 10:07:33.313,0.0,Open Long,0.0,0x2175f060938d6f4304020407b29c5301160098e1e6379fdee56dbbd55e6ba61a,10208112297,True,0.996151,1121171297142201,USDC,,0x917356bb6d3714947880d2d53fc7633f6d9b285e,,
ARB,2.01450249,1971.8,A,1708395067926,2024-02-20 10:11:07.926,1971.8,Close Long,-12.397712,0xc6b5f40d133e4a5477e40407b29eb301bb0002eb4bce862f28b3aa829167ae95,10208440629,True,0.993048,25653516561437,USDC,,0x917356bb6d3714947880d2d53fc7633f6d9b285e,,
MATIC,0.98179795,13640.6,B,1708397600074,2024-02-20 10:53:20.074,-13640.6,Close Short,4.938575,0x2c8f751a042f3a03a5360407b2bb960165006101260b11e23dd9e00ca7b0d474,10211385208,True,3.348076,915923762811923,USDC,,0x917356bb6d3714947880d2d53fc7633f6d9b285e,,
SEI,0.89951129,6410.0,B,1708397634012,2024-02-20 10:53:54.012,0.0,Open Long,0.0,0xe25724680ad01bd759d40407b2bbf502026d002e054e5e8099d2ef826c4bc1ff,10211419875,True,1.441466,511303677335425,USDC,,0x917356bb6d3714947880d2d53fc7633f6d9b285e,,
SEI,0.90160966,6410.0,A,1708398318558,2024-02-20 11:05:18.558,6410.0,Close Long,13.45239,0x9340516f34ce418b1e880407b2c3be01aa00d27935a0c5c2da73d19ae2c1b66e,10212230786,True,1.444828,1084494683463147,USDC,,0x917356bb6d3714947880d2d53fc7633f6d9b285e,,
SEI,0.90110272,4467.0,A,1708398693655,2024-02-20 11:11:33.655,0.0,Open Short,0.0,0x93ba08103e8a453d2eac0407b2c7fc01bd00f04492afa954e914b9e567559936,10212578660,True,1.006305,1078677623222193,USDC,,0x917356bb6d3714947880d2d53fc7633f6d9b285e,,
SEI,0.90005,4467.0,B,1708398852111,2024-02-20 11:14:12.111,-4467.0,Close Short,4.699284,0x25cf9debc8319d6f9ff60407b2c9cd019100efd274a06b459fa7d41f4483730c,10212748584,True,1.00513,940255200320505,USDC,,0x917356bb6d3714947880d2d53fc7633f6d9b285e,,
SEI,0.90205604,4467.0,B,1708398967201,2024-02-20 11:16:07.201,0.0,Open Long,0.0,0xf370c7a9feb43e1568190407b2cb2102010d0055d4f208a156b30ee68f044d9b,10212868958,True,1.007369,588408493548973,USDC,,0x917356bb6d3714947880d2d53fc7633f6d9b285e,,
SEI,0.8975,500.0,A,1708402290142,2024-02-20 12:11:30.142,4467.0,Close Long,-2.278,0xda1a6f8d47ce0653151a0407b2f01f012600a239cd1d90e0d8b4453534e67421,10215647186,False,-0.008975,309748345628652,USDC,,0x917356bb6d3714947880d2d53fc7633f6d9b285e,,
SEI,0.8975,96.0,A,1708402292218,2024-02-20 12:11:32.218,3967.0,Close Long,-0.437376,0x86011bf797ba296b1bc80407b2f02501220038130997c047b7f60ce609883583,10215647186,False,-0.001723,619545711469613,USDC,,0x917356bb6d3714947880d2d53fc7633f6d9b285e,,
SEI,0.8975,500.0,A,1708402292322,2024-02-20 12:11:32.322,3871.0,Close Long,-2.278,0x6f8586deb7e216fe97330407b2f0260115009df09ca68d454ed852b8294bbfa2,10215647186,False,-0.008975,189989193417808,USDC,,0x917356bb6d3714947880d2d53fc7633f6d9b285e,,
SEI,0.8975,3371.0,A,1708402292887,2024-02-20 12:11:32.887,3371.0,Close Long,-15.358276,0x0c72800e460d6e1162ad0407b2f0280194002ae680cea96566b6ed831d3f9af6,10215647186,False,-0.060508,41744416089346,USDC,,0x917356bb6d3714947880d2d53fc7633f6d9b285e,,
MATIC,0.98695014,13294.8,A,1708412966082,2024-02-20 15:09:26.082,0.0,Open Short,0.0,0x80057e36186948d157cc0407b3676502010b002663b007a875e9ab8f569f6666,10229317225,True,3.280324,1004696685507396,USDC,,0x917356bb6d3714947880d2d53fc7633f6d9b285e,,
MATIC,0.99011912,13294.8,B,1708414537218,2024-02-20 15:35:37.218,-13294.8,Close Short,-42.132868,0xa5edc580dd4a0d94d75f0407b3790b010500c1e09a207448d303c6ccaab52807,10229336281,True,3.290856,1100247069632190,USDC,,0x917356bb6d3714947880d2d53fc7633f6d9b285e,,
MATIC,0.97787344,2830.8,B,1708499914994,2024-02-21 15:18:34.994,0.0,Open Long,0.0,0x99cbede6852bc84ac8a60407b71f67016500f939186d162eb92df73f8995ab71,10355285103,True,0.692039,785687822068904,USDC,,0x917356bb6d3714947880d2d53fc7633f6d9b285e,,
MATIC,0.9757,2830.8,A,1708501626466,2024-02-21 15:47:06.466,2830.8,Close Long,-6.142836,0x1fb8c429cd427c30c5c00407b732650202f9000c2e9f4486fd1d2153071d23bb,10357485833,True,0.690502,1084521877933638,USDC,,0x917356bb6d3714947880d2d53fc7633f6d9b285e,,
MATIC,0.97609,7721.0,A,1708501635515,2024-02-21 15:47:15.515,0.0,Open Short,0.0,0xce7a7b15f68b320b4c0a0407b7327c011e00687f0ff3589a11205b2b705e3e3d,10357502581,True,1.884097,148986409416042,USDC,,0x917356bb6d3714947880d2d53fc7633f6d9b285e,,
MATIC,0.95431703,7721.0,B,1708508828254,2024-02-21 17:47:08.254,-7721.0,Close Short,168.109081,0x27675ee200f7fe3526460407b780a20202e90044e736ae96496b20d5912e5fe8,10368776526,True,1.842067,706936363453263,USDC,,0x917356bb6d3714947880d2d53fc7633f6d9b285e,,
BTC,51353.37785333,0.02059,A,1708519535624,2024-02-21 20:45:35.624,0.0,Open Short,0.0,0xa56c30bab71bb2bd1d140407b7f21f0201b60072816fd4d520b0fbc2d5a9e2e1,10388412109,True,0.26434,282361738974567,USDC,,0x917356bb6d3714947880d2d53fc7633f6d9b285e,,
BTC,52000.0,0.02059,B,1708595371592,2024-02-22 17:49:31.592,-0.02059,Close Short,-13.315553,0xab446d38ac1860a1f62d0407bb25f702025c00051654caa4b3cb8be664a956f3,10445235719,True,0.26767,796411712228716,USDC,,0x917356bb6d3714947880d2d53fc7633f6d9b285e,,
SUI,1.7039,693.0,B,1709275892978,2024-03-01 14:51:32.978,0.0,Open Long,0.0,0x6fc06e29601e1b5cafa50407d818830201d600e8119f8ae0ef18acd029272f53,11489284094,True,0.2952,18346179832146,USDC,,0x917356bb6d3714947880d2d53fc7633f6d9b285e,,
BTC,61650.0,0.01462,B,1709276407241,2024-03-01 15:00:07.241,0.0,Open Long,0.0,0x4c916b0ad07913bf572d0407d81e2b0201600039f2c6b536cd9df57cd2d1827a,11490031930,True,0.22533,929408928585460,USDC,,0x917356bb6d3714947880d2d53fc7633f6d9b285e,,
SUI,1.68421338,693.0,A,1709339557226,2024-03-02 08:32:37.226,693.0,Close Long,-13.64283,0xae73daa2ce51b55e04830407dacd620201d0000e3961ee5215b1aecab75bcb92,11595825636,True,0.291789,267712997794330,USDC,,0x917356bb6d3714947880d2d53fc7633f6d9b285e,,
AVAX,43.01731777,27.63,B,1709339571961,2024-03-02 08:32:51.961,0.0,Open Long,0.0,0xc945f7c3ff30415542540407dacd890201e500d38841140adc403aa4bbe92652,11595859225,True,0.297141,914105147412840,USDC,,0x917356bb6d3714947880d2d53fc7633f6d9b285e,,
BTC,62043.0,0.01462,A,1709444154771,2024-03-03 13:35:54.771,0.01462,Close Long,5.74566,0x65ca59caa6ff352bebf60407df3d3a019d00acbe3d5fe9afcfc16936cd76c116,11767291986,True,0.226767,1012710705300265,USDC,,0x917356bb6d3714947880d2d53fc7633f6d9b285e,,
AVAX,43.695,27.63,A,1709444156136,2024-03-03 13:35:56.136,27.63,Close Long,18.724851,0xc73c20a711369b9b69790407df3d3d012c00195a1f86b2734fa7a7e1b444939b,11767293261,True,0.301823,616514279357001,USDC,,0x917356bb6d3714947880d2d53fc7633f6d9b285e,,
DOGE,0.14120325,27275.0,A,1709445154880,2024-03-03 13:52:34.880,0.0,Open Short,0.0,0x219bfdb2977653a1f4440407df48220201e80091bc8629a2f3f29ae38725b360,11768858395,True,0.962828,317553826425773,USDC,,0x917356bb6d3714947880d2d53fc7633f6d9b285e,,
DOGE,0.14079,27275.0,B,1709445296942,2024-03-03 13:54:56.942,-27275.0,Close Short,11.264575,0x18a8276d068d83fd411e0407df49a9020178006b0574c5be8b9a9ca53dcce65a,11769086313,True,0.960011,483385572843289,USDC,,0x917356bb6d3714947880d2d53fc7633f6d9b285e,,
DOGE,0.13925,55739.0,A,1709446034511,2024-03-03 14:07:14.511,0.0,Open Short,0.0,0xc85bd834fd00251df1140407df51c3011b008d9cb43304e50d2d99b36acf9ba0,11770380377,True,1.940413,1069835742020014,USDC,,0x917356bb6d3714947880d2d53fc7633f6d9b285e,,
DOGE,0.13881363,55739.0,B,1709446141294,2024-03-03 14:09:01.294,-55739.0,Close Short,24.32284,0x425d965aa6a7abbf6ac70407df52ee0202220031432a91fca3308f49ebe4f01f,11770615443,True,1.934332,974402408357412,USDC,,0x917356bb6d3714947880d2d53fc7633f6d9b285e,,
DOGE,0.13899,55739.0,A,1709446190560,2024-03-03 14:09:50.560,0.0,Open Short,0.0,0x2d7f849ec736a63e70fc0407df537702014c0050d8ee5fea426e22d7fe435858,11770732988,True,1.93679,977824067531083,USDC,,0x917356bb6d3714947880d2d53fc7633f6d9b285e,,
DOGE,0.13808,55739.0,B,1709446364540,2024-03-03 14:12:44.540,-55739.0,Close Short,50.72249,0xea7d811d68451b77e56d0407df555702024d0021700514b12c97b627a039c77d,11771124431,True,1.92411,867306192754229,USDC,,0x917356bb6d3714947880d2d53fc7633f6d9b285e,,
DOGE,0.13788,84192.0,A,1709446398741,2024-03-03 14:13:18.741,0.0,Open Short,0.0,0xae387a9a907022c8adc60407df55b2012f002fba526a23b1626824c8133fe60c,11771198680,True,2.902098,972782700192358,USDC,,0x917356bb6d3714947880d2d53fc7633f6d9b285e,,
DOGE,0.13842154,84192.0,B,1709446543706,2024-03-03 14:15:43.706,-84192.0,Close Short,-45.5935,0x5c7f7bea12a85fe1bf670407df573d012b000889f11b0697f59fea336015dbfe,11771514600,True,2.913496,236991038922434,USDC,,0x917356bb6d3714947880d2d53fc7633f6d9b285e,,
DOGE,0.13850528,84192.0,B,1709446552835,2024-03-03 14:15:52.835,0.0,Open Long,0.0,0x30e2f2876eaa34908c540407df575301300026c6e38ab19c25fb0ab1619d8e76,11771527993,True,2.915257,649747070561309,USDC,,0x917356bb6d3714947880d2d53fc7633f6d9b285e,,
DOGE,0.13858,84192.0,A,1709446806157,2024-03-03 14:20:06.157,84192.0,Close Long,6.3144,0x6f8a16373944225008bf0407df5a140201b600551307e6679e4ec58f6f4b8870,11772040974,True,2.916831,887410152228345,USDC,,0x917356bb6d3714947880d2d53fc7633f6d9b285e,,
DOGE,0.13914,9002.0,B,1709446855188,2024-03-03 14:20:55.188,0.0,Open Long,0.0,0xadbae6085ff84e7a498f0407df5a92014300e190a8551657313258aa48bfa531,11772131747,True,0.313134,1114428390408013,USDC,,0x917356bb6d3714947880d2d53fc7633f6d9b285e,,
DOGE,0.13907,9002.0,A,1709447685400,2024-03-03 14:34:45.400,9002.0,Close Long,-0.63014,0x35bf410df190deda419e0407df63ae0201310076d7a76ea77da3f317382e7126,11773570750,True,0.312976,138227719266160,USDC,,0x917356bb6d3714947880d2d53fc7633f6d9b285e,,
ARB,2.0235,1750.6,B,1709545815246,2024-03-04 17:50:15.246,0.0,Open Long,0.0,0x262b3d0c9c86b5a588ca0407e3861d0201a300dfef8647c6676e50195fa49ad9,11942377243,True,0.885584,923425905487342,USDC,,0x917356bb6d3714947880d2d53fc7633f6d9b285e,,
BTC,63450.0,0.00654,B,1709679661844,2024-03-06 07:01:01.844,0.0,Open Long,0.0,0xf599a9880c6704e48ce10407e905b602049e004381f7a9d847c9c0f62774a3f7,12238822491,False,-0.008299,863143563030273,USDC,,0x917356bb6d3714947880d2d53fc7633f6d9b285e,,
BTC,63568.65137615,0.00654,A,1709686594119,2024-03-06 08:56:34.119,0.00654,Close Long,0.77598,0xf14224120fcd3976af0d0407e94f3f014c00ee21f9a10ea3d13427aab5f3be95,12254023908,True,0.103933,1006635863742288,USDC,,0x917356bb6d3714947880d2d53fc7633f6d9b285e,,
ARB,2.079,1750.6,A,1709810220375,2024-03-07 19:17:00.375,1750.6,Close Long,97.1583,0x6d7f5dfa5547eda484db0407ee8e63016300d90329991061bf0585d954f82661,12510045579,True,0.909874,919742363679463,USDC,,0x917356bb6d3714947880d2d53fc7633f6d9b285e,,
USTC,0.03598,13640.0,B,1709906480529,2024-03-08 22:01:20.529,0.0,Open Long,0.0,0x195c6be6374d31ab639d0407f2ab8a02024300ee4f062650e948088472847af2,12597638835,False,-0.009815,341748549003459,USDC,,0x917356bb6d3714947880d2d53fc7633f6d9b285e,,
USTC,0.03607244,13640.0,A,1709950991201,2024-03-09 10:23:11.201,13640.0,Close Long,1.260934,0x664d904c5d20a6fbee020407f4889b02011e001b5a8562bc2e9cfc4ebd74c8b0,12755648463,True,0.123006,505846672864068,USDC,,0x917356bb6d3714947880d2d53fc7633f6d9b285e,,
JTO,2.8208,7.0,A,1709960198805,2024-03-09 12:56:38.805,0.0,Open Short,0.0,0x1e266f59fb3c24aebd010407f4ee90011400d8e055fcbce62a226e49a90cda01,12768411894,False,-0.000394,715520136578392,USDC,,0x917356bb6d3714947880d2d53fc7633f6d9b285e,,
JTO,2.8079,243.0,A,1709961320639,2024-03-09 13:15:20.639,-7.0,Open Short,0.0,0x41913be39d832aac794f0407f4fb2b019200799f9ef49af91b5e6109a9f2e22d,12769904860,True,0.170579,237148779311870,USDC,,0x917356bb6d3714947880d2d53fc7633f6d9b285e,,
BTC,68580.0,0.01157,B,1709968142642,2024-03-09 15:09:02.642,0.0,Open Long,0.0,0x957f2d0e1621e0cda8e20407f547ed012f005889804843279b6ed8113f0e225a,12779250153,True,0.198367,445655799201022,USDC,,0x917356bb6d3714947880d2d53fc7633f6d9b285e,,
JTO,2.9345464,250.0,B,1709994132360,2024-03-09 22:22:12.360,-250.0,Close Short,-31.57135,0xa20da467f39f476709560407f664eb0184009069b2961417e830e6763cc10d57,12783177451,True,0.183407,471265485778513,USDC,,0x917356bb6d3714947880d2d53fc7633f6d9b285e,,
CRV,0.81827,989.7,B,1710141293271,2024-03-11 15:14:53.271,0.0,Open Long,0.0,0x9e9443bbaed7b5999f720407fcb7d30203ff00f550d0120aa6a83dcb5e75fcd4,13059443668,True,0.283444,1052056860364513,USDC,,0x917356bb6d3714947880d2d53fc7633f6d9b285e,,
CRV,0.81934,989.7,A,1710150183740,2024-03-11 17:43:03.740,989.7,Close Long,1.058979,0x77d080c0c241bbfa20210407fd167702013600c407e3a021d8761d2a8b193a39,13079111969,True,0.283815,38887287403127,USDC,,0x917356bb6d3714947880d2d53fc7633f6d9b285e,,
BTC,71535.0,0.01157,A,1710216481597,2024-03-12 12:08:01.597,0.01157,Close Long,34.18935,0x6f8878e52d42f72e59a70407ffe68201460062248fcfd0992d295e75935d8920,13183003378,True,0.28968,845804754317156,USDC,,0x917356bb6d3714947880d2d53fc7633f6d9b285e,,
BTC,71800.0,0.02322,B,1710224161089,2024-03-12 14:16:01.089,0.0,Open Long,0.0,0xbc41374887504cb4e55a0408003a77015100c6d33c13121ceb6a69617994d227,13190445602,False,0.166719,587693070796668,USDC,,0x917356bb6d3714947880d2d53fc7633f6d9b285e,,
WLD,9.8,146.5,B,1710325329380,2024-03-13 18:22:09.380,0.0,Open Long,0.0,0xf1d5c59e886466ac0b85040804832b014b0042a51934ff718ef09a088a8c0800,13358185724,False,0.14357,393839574755697,USDC,,0x917356bb6d3714947880d2d53fc7633f6d9b285e,,
WLD,9.4729,84.3,B,1710365935151,2024-03-14 05:38:55.151,146.5,Open Long,0.0,0xd2efe947f88f8e7c04460408063bd202011100002f3e091221ba7f4419621b0d,13438270803,True,0.279497,857159859029450,USDC,,0x917356bb6d3714947880d2d53fc7633f6d9b285e,,
WLD,10.754,230.8,A,1710458424014,2024-03-15 07:20:24.014,230.8,Close Long,247.759184,0xe30ab44f644de47cb91604080a1b560201aa007070db7a3c697badc02b7078dc,13612990165,True,0.868708,62069439145228,USDC,,0x917356bb6d3714947880d2d53fc7633f6d9b285e,,
BTC,68500.0,0.02071,B,1710474134359,2024-03-15 11:42:14.359,0.02322,Open Long,0.0,0xb0cb47dcbadcc76a737704080ac152020141000755926bba17cb3aad574af7f4,13646371433,False,0.141863,814073494092604,USDC,,0x917356bb6d3714947880d2d53fc7633f6d9b285e,,
BNB,571.58,3.088,B,1710759534686,2024-03-18 18:58:54.686,0.0,Open Long,0.0,0x2aeb04ff9455c08d5ee40408169bfd02020300c87256411ce8394d38a0f28a00,14255053861,True,0.617763,1000799762083950,USDC,,0x917356bb6d3714947880d2d53fc7633f6d9b285e,,
BTC,62520.0,0.04393,A,1710899554013,2024-03-20 09:52:34.013,0.04393,Close Long,-339.324106,0x64ed025bfaa0a909be7a04081c52b701e900961d93a3f4ea397b717ae0bdb072,14606962950,True,0.961276,449611016135963,USDC,,0x917356bb6d3714947880d2d53fc7633f6d9b285e,,
BNB,510.6,3.088,A,1710899555405,2024-03-20 09:52:35.405,3.088,Close Long,-188.30624,0x5346c42f298357d2294d04081c52ba0201a900d6920cbe4991032c4c758a81e7,14606969568,True,0.551856,950077310199392,USDC,,0x917356bb6d3714947880d2d53fc7633f6d9b285e,,
SOL,183.64,4.7,A,1712031127488,2024-04-02 12:12:07.488,0.0,Open Short,0.0,0xfe58f93dcfa2a12b4dab04084cb9ab02032600a4643844d401a00ed8d7491c52,16357618303,True,0.302087,681381286084477,USDC,,0x917356bb6d3714947880d2d53fc7633f6d9b285e,,
SOL,183.27334043,4.7,B,1712032355752,2024-04-02 12:32:35.752,-4.7,Close Short,1.7233,0x58b8a876030d7d7b648004084cc6b602020100939f1ad8fb013e0b08ee5f3a54,16360054657,True,0.301483,187054804236952,USDC,,0x917356bb6d3714947880d2d53fc7633f6d9b285e,,
SOL,184.25860987,6.69,B,1712033099215,2024-04-02 12:44:59.215,0.0,Open Long,0.0,0x0db7068174db87a4c4b204084ccea3011a00a4b400d853fd1cac32be9acf07d2,16361322242,True,0.431441,927675506016454,USDC,,0x917356bb6d3714947880d2d53fc7633f6d9b285e,,
SOL,185.63,6.69,A,1712041147941,2024-04-02 14:59:07.941,6.69,Close Long,9.174666,0xd2c3ec15eeffcecec7bb04084d24c2013f0096f7b41ff37bc70e1a6d591223c0,16374413213,True,0.434652,1031676142917749,USDC,,0x917356bb6d3714947880d2d53fc7633f6d9b285e,,
BTC,65387.0,0.01464,A,1712103290282,2024-04-03 08:14:50.282,0.0,Open Short,0.0,0x35590ac1a29fcf42fa2504084fb9cd013f0059af63d38f020dedc1cfd84fba6b,16485526212,True,0.335042,97837613641521,USDC,,0x917356bb6d3714947880d2d53fc7633f6d9b285e,,
APT,8.7459,97.27,A,1713052900652,2024-04-14 08:01:40.652,0.0,Open Short,0.0,0xc95570659415f83133590408779bf4020113001b0cee4a06641c803292cc37e4,18012057513,True,0.297749,962058430713464,USDC,,0x917356bb6d3714947880d2d53fc7633f6d9b285e,,
APT,8.5397,65.35,A,1713064489846,2024-04-14 11:14:49.846,-97.27,Open Short,0.0,0x31c1ba2da5d5a2ada96e0408780f35013100652df04b6fa1713327c572c6a9c7,18048573209,True,0.195324,829817471039398,USDC,,0x917356bb6d3714947880d2d53fc7633f6d9b285e,,
BTC,66891.0,0.01464,B,1713829922308,2024-04-23 07:52:02.308,-0.01464,Close Short,-22.01856,0xc84b9ad488d6b22da7340408975b3e0122002d819bae59ca8cd8985232828824,19766813965,True,0.342749,493966865117920,USDC,,0x917356bb6d3714947880d2d53fc7633f6d9b285e,,
APT,10.172,162.62,B,1713829923075,2024-04-23 07:52:03.075,-162.62,Close Short,-245.39358,0xcc53ad81efcdac3730d60408975b4201e100aa20d9633ff73403ebe774a0e1a7,19766815024,True,0.578959,383007948562664,USDC,,0x917356bb6d3714947880d2d53fc7633f6d9b285e,,
POPCAT,0.39036,312.0,B,1717213677823,2024-06-01 11:47:57.823,0.0,Open Long,0.0,0x3ddd739eeec46032cea0040a66aee3012300884857161c21e6c956e90693af71,24607868331,True,0.042627,976281483475208,USDC,,0x917356bb6d3714947880d2d53fc7633f6d9b285e,,
POPCAT,0.4,312.0,A,1717220482787,2024-06-01 13:41:22.787,312.0,Close Long,3.00768,0xf560cb87d5d2397be35a040a68404d013e00be898e9b2f94f0e1e4f084c85c10,24612589275,False,0.01248,498769702055865,USDC,,0x917356bb6d3714947880d2d53fc7633f6d9b285e,,
DOGE,0.16142,1145.0,B,1717396499131,2024-06-03 14:34:59.131,0.0,Open Long,0.0,0xea8b244529bc1a7da369040a90db59012800892c3028618dbf27df9297e2fd26,24801952219,True,0.064689,18346235740832,USDC,,0x917356bb6d3714947880d2d53fc7633f6d9b285e,,
DOGE,0.16173,1145.0,A,1717397442016,2024-06-03 14:50:42.016,1145.0,Close Long,0.35495,0x6ebcc031ea5336a51234040a911318014200018b85ecbdac55105656d40b9284,24803742100,True,0.064813,375739958614569,USDC,,0x917356bb6d3714947880d2d53fc7633f6d9b285e,,
NOT,0.021495,8048.0,B,1717410453314,2024-06-03 18:27:33.314,0.0,Open Long,0.0,0x0aac4700f873e5bbadab040a9413f00120001842c925cfeeca2c91afdbb99191,24821642263,True,0.060547,244174638817347,USDC,,0x917356bb6d3714947880d2d53fc7633f6d9b285e,,
NOT,0.022642,8048.0,A,1717419569016,2024-06-03 20:59:29.016,8048.0,Close Long,9.231056,0x1ab0bed176619a8901c5040a962f4801490098c358eea45b8dfcde0f326fce6a,24833967896,True,0.063777,1010726597953560,USDC,,0x917356bb6d3714947880d2d53fc7633f6d9b285e,,
FTM,0.65229,291.0,B,1718176901293,2024-06-12 15:21:41.293,0.0,Open Long,0.0,0x0c84fb44f4d5a4c7a6d5040b44ed51016700bb4868f7c544848ac1a48cfd9869,25778789481,True,0.066435,710289485470262,USDC,,0x917356bb6d3714947880d2d53fc7633f6d9b285e,,
FTM,0.6759,291.0,A,1718236383611,2024-06-13 07:53:03.611,291.0,Close Long,6.87051,0x4291599350d77006e4ce040b52a7e8012e00078e5a739c118a0e914be5f1b6bf,25885537826,True,0.06884,429444523441433,USDC,,0x917356bb6d3714947880d2d53fc7633f6d9b285e,,
CRV,0.28799,606.5,A,1718246934482,2024-06-13 10:48:54.482,0.0,Open Short,0.0,0xe276e3a798e9cfa935f0040b5516dd014500c11eb211ce445280bb92e9219724,25900640968,True,0.061132,32467642964970,USDC,,0x917356bb6d3714947880d2d53fc7633f6d9b285e,,
CRV,0.28344,606.5,B,1718247003399,2024-06-13 10:50:03.399,-606.5,Close Short,2.759575,0x805287eb3423f05c108d040b551aeb01990029ed5f939181d60a38cb95d7ecd0,25900832705,True,0.060167,689859520301719,USDC,,0x917356bb6d3714947880d2d53fc7633f6d9b285e,,
CRV,0.25519,606.5,B,1718247627795,2024-06-13 11:00:27.795,0.0,Open Long,0.0,0xf725b0c46eb2629a39bc040b553fcf01ce00d3cf6dc57eb3df08a49a252fb438,25902270631,True,0.05417,551619219732901,USDC,,0x917356bb6d3714947880d2d53fc7633f6d9b285e,,
CRV,0.24001,606.5,A,1718247761826,2024-06-13 11:02:41.826,606.5,Close Long,-9.20667,0x97e0c7a8218f4fa644c3040b5547be02011b004dff5403a622932d88cfb03f1e,25902606547,True,0.050948,318876186468598,USDC,,0x917356bb6d3714947880d2d53fc7633f6d9b285e,,
ZRO,2.85910868,43.8,B,1718775435000,2024-06-19 13:37:15.000,0.0,Open Long,0.0,0xec8c61d44d514a8ad4f8040bcf0df1014400277d0c547a87dcfaafbcd330ab73,26708341067,True,0.043829,629417034856014,USDC,,0x917356bb6d3714947880d2d53fc7633f6d9b285e,,
ZRO,2.788,43.8,A,1718777046615,2024-06-19 14:04:06.615,43.8,Close Long,-3.11418,0x2b4b7d2595c39f94872a040bcf6d4a013d00de8095a29371c7fb81362ef9199e,26710671550,True,0.04274,1001037202379161,USDC,,0x917356bb6d3714947880d2d53fc7633f6d9b285e,,
ETH,2358.1,0.118,B,1722832287642,2024-08-05 12:31:27.642,0.0,Open Long,0.0,0xb6a67491e8e5256acfeb040eb500b00201d2009f80b3cfc95883ed056335f210,32567781409,True,0.097389,658874836773656,USDC,,0x917356bb6d3714947880d2d53fc7633f6d9b285e,,
ETH,2283.3,0.118,A,1722834629019,2024-08-05 13:10:29.019,0.118,Close Long,-8.8264,0x2b7b65cc4efe6ba459ee040eb567a002023b0000c96c065af0c812636ed71314,32576154091,True,0.0943,219912248450410,USDC,,0x917356bb6d3714947880d2d53fc7633f6d9b285e,,
ETH,2281.0,0.118,A,1722834636067,2024-08-05 13:10:36.067,0.0,Open Short,0.0,0x2d12cefa362329f18eca040eb567f002021f0054fd4afcf7a2d779e9ff3dcf43,32576203363,True,0.094205,187393320948596,USDC,,0x917356bb6d3714947880d2d53fc7633f6d9b285e,,
ETH,2238.6,0.118,B,1722840995839,2024-08-05 14:56:35.839,-0.118,Close Short,5.0032,0x18bae9fe67ba8e438525040eb68184020198008519bdf922591e66a1b85c0ce7,32613933815,True,0.092454,143694126186724,USDC,,0x917356bb6d3714947880d2d53fc7633f6d9b285e,,
TON,5.14,32.1,B,1722853645660,2024-08-05 18:27:25.660,0.0,Open Long,0.0,0xabf82dbd7ce331563349040eb8add70201b8000ede83a3c4f95cdb5fb492e501,32630734889,False,0.016499,641731239222283,USDC,,0x917356bb6d3714947880d2d53fc7633f6d9b285e,,
TON,5.7307,32.1,A,1723029213549,2024-08-07 19:13:33.549,32.1,Close Long,18.96147,0x81d078f3ef7141f028eb040ed6bd20016300e8826b347dce5185d3de878fe232,33161502135,True,0.064384,300293170174109,USDC,,0x917356bb6d3714947880d2d53fc7633f6d9b285e,,
